unit.kelvin=273.15
unit.celsius=273.15
unit.mile=0.621371
unit.kilometer=1.60934